

TREE # 1

  0  0.0000   1029.105928  x:  0.00000   0.04248   0.01633   0.02658   0.02924   0.03590   1.51750   0.03500   0.02204   0.05333   0.00395   0.00564   2.00000   0.90000   0.45672   1.12705  
  1 99.0000   1029.102048  x:  0.00000   0.04248   0.01633   0.02657   0.02924   0.03590   1.51750   0.03499   0.02204   0.05333   0.00395   0.00563   2.00000   0.90000   0.45671   1.12705  
  2 361.6876   1023.872608  x:  0.00000   0.03605   0.01244   0.02270   0.02033   0.03168   1.51878   0.03087   0.01789   0.04795   0.00000   0.00169   1.99992   0.90108   0.45338   1.12789  
  3 1417.5980   1021.742999  x:  0.00000   0.03015   0.01094   0.02123   0.02099   0.02940   1.52096   0.02881   0.01560   0.04704   0.00000   0.00000   1.99970   0.90030   0.44962   1.12864  
  4 203.1888   1010.400226  x:  0.00000   0.01918   0.00018   0.01070   0.01397   0.01338   1.53427   0.01451   0.00000   0.05045   0.00000   0.00000   1.99843   0.89837   0.42480   1.13309  
  5 555.0137   1010.253601  x:  0.00000   0.01907   0.00000   0.01053   0.01392   0.01312   1.53447   0.01428   0.00000   0.05040   0.00000   0.00000   1.99841   0.89835   0.42442   1.13315  
  6 5247.8868   1004.006122  x:  0.00000   0.01461   0.00000   0.00000   0.01196   0.00059   1.54296   0.00177   0.00000   0.04924   0.00000   0.00000   1.99760   0.89842   0.40628   1.13554  
  7 1142.4279   1003.788810  x:  0.00000   0.01446   0.00000   0.00000   0.01189   0.00000   1.54329   0.00119   0.00000   0.04919   0.00000   0.00000   1.99757   0.89846   0.40555   1.13565  
  8 1181.6937   1003.519607  x:  0.00000   0.01428   0.00000   0.00000   0.01181   0.00000   1.54377   0.00000   0.00000   0.04914   0.00000   0.00000   1.99753   0.89869   0.40436   1.13586  
  9 357.0230    997.103964  x:  0.00000   0.00000   0.00000   0.00000   0.00611   0.00000   1.58497   0.00000   0.00000   0.04589   0.00000   0.00000   1.99414   0.94190   0.27591   1.15198  
 10 396.0983    997.103964  x:  0.00000   0.00000   0.00000   0.00000   0.00611   0.00000   1.58497   0.00000   0.00000   0.04589   0.00000   0.00000   1.99414   0.94190   0.27591   1.15198  
 11 86.1661    990.676997  x:  0.00000   0.00713   0.00000   0.00000   0.00611   0.00000   1.58497   0.00000   0.00044   0.04589   0.00000   0.00000   1.99414   0.94190   0.27591   1.15198  
 12 223614.1232    990.581785  x:  0.00000   0.00716   0.00000   0.00000   0.00622   0.00000   1.58499   0.00000   0.00000   0.04581   0.00000   0.00000   1.99415   0.94215   0.27566   1.15202  
 13 165.7294    982.802407  x:  0.00000   0.01264   0.00000   0.00000   0.00575   0.00000   1.59142   0.00000   0.00000   0.02986   0.00000   0.00000   1.99507   0.99999   0.22110   1.16303  
 14 1279.8208    980.004300  x:  0.00000   0.01832   0.00000   0.00000   0.00607   0.00000   1.60140   0.00000   0.00000   0.05052   0.00000   0.00000   1.99615   0.99999   0.14586   1.17675  
 15 236.9736    978.051834  x:  0.00000   0.00575   0.00000   0.00000   0.00596   0.00000   1.68510   0.00000   0.00000   0.03797   0.00000   0.00000   1.99691   0.99999   0.11355   1.18188  
 16 10.6834    973.805118  x:  0.00000   0.00505   0.00000   0.00000   0.00419   0.00000   2.64072   0.00000   0.00000   0.05146   0.00000   0.00000   2.05666   0.99999   0.15986   1.60975  
 17 13.8989    973.518850  x:  0.00000   0.01000   0.00000   0.00000   0.00459   0.00000   2.77146   0.00000   0.00000   0.05109   0.00000   0.00000   2.12963   0.99999   0.14004   1.49134  
 18  2.8317    972.070971  x:  0.00000   0.00591   0.00000   0.00000   0.00702   0.00000   3.08612   0.00000   0.00000   0.03836   0.00000   0.00000   3.47946   0.99999   0.12977   1.58348  
 19  1.7771    971.186043  x:  0.00000   0.00648   0.00000   0.00000   0.00743   0.00000   3.53154   0.00000   0.00000   0.02493   0.00000   0.00000   3.20121   0.99999   0.13133   1.97442  
 20  0.3690    970.523951  x:  0.02850   0.00712   0.00000   0.00000   0.00789   0.00000   4.03608   0.00000   0.00000   0.00972   0.00000   0.00000   2.88608   0.99999   0.13311   2.41739  
 21 1379.1138    970.092518  x:  0.03676   0.00599   0.00000   0.00000   0.00666   0.00000   4.38767   0.00000   0.00000   0.00000   0.00000   0.00000   3.15055   0.99999   0.16738   3.03126  
 22  0.6697    969.844527  x:  0.03066   0.00615   0.00000   0.00000   0.00544   0.00000   4.53953   0.00000   0.00000   0.00000   0.00000   0.00000   3.55111   0.99999   0.15699   3.17091  
 23  0.3154    969.807863  x:  0.02941   0.00618   0.00000   0.00000   0.00519   0.00000   4.57105   0.00000   0.00000   0.00483   0.00000   0.00000   3.63375   0.99999   0.15485   3.19994  
 24 301.3967    969.663905  x:  0.03395   0.00613   0.00000   0.00000   0.00561   0.00000   4.80557   0.00000   0.00000   0.00000   0.00000   0.00000   3.72045   0.99999   0.15841   3.50153  
 25  0.6125    969.607249  x:  0.03888   0.00622   0.00000   0.00000   0.00579   0.00000   5.00726   0.00000   0.00000   0.00000   0.00000   0.00000   3.74633   0.99999   0.16222   3.78838  
 26  1.2183    969.304377  x:  0.03155   0.00722   0.00000   0.00000   0.00802   0.00000   5.71675   0.00000   0.00000   0.00000   0.00000   0.00000   3.82715   0.99999   0.17341   5.09608  
 27  0.8795    969.285874  x:  0.03033   0.00739   0.00000   0.00000   0.00838   0.00000   5.83419   0.00000   0.00000   0.00380   0.00000   0.00000   3.84048   0.99999   0.17526   5.31259  
 28 648.9938    969.123105  x:  0.02623   0.00551   0.00000   0.00000   0.00677   0.00000   6.17579   0.00000   0.00000   0.00744   0.00000   0.00000   3.55306   0.99999   0.19509   6.40095  
 29  0.4740    969.009273  x:  0.01798   0.00735   0.00000   0.00000   0.00544   0.00000   6.32989   0.00000   0.00000   0.01580   0.00000   0.00000   3.23718   0.99999   0.19923   7.28888  
 30  0.3303    968.877179  x:  0.00453   0.00643   0.00000   0.00000   0.00737   0.00000   6.27428   0.00000   0.00000   0.02953   0.00000   0.00000   3.04523   0.99999   0.19942   8.22463  
 31  0.3329    968.808314  x:  0.00000   0.00620   0.00000   0.00000   0.00716   0.00000   6.27025   0.00000   0.00000   0.03377   0.00000   0.00000   3.02191   0.99999   0.20675   8.66660  
 32  0.7205    968.790774  x:  0.00000   0.00614   0.00000   0.00000   0.00709   0.00000   6.26067   0.00000   0.00000   0.03670   0.00000   0.00000   3.00611   0.99999   0.21085   8.93301  
 33 12.4939    968.564074  x:  0.00000   0.00676   0.00000   0.00000   0.00522   0.00000   5.45218   0.00000   0.00000   0.03548   0.00000   0.00000   3.34857   0.99999   0.23740   9.03575  
 34  0.4641    968.551098  x:  0.00000   0.00679   0.00000   0.00000   0.00512   0.00000   5.40925   0.00000   0.00000   0.03541   0.00000   0.00000   3.36648   0.99583   0.23881   9.04136  
 35 71.7939    968.341508  x:  0.00000   0.00659   0.00000   0.00000   0.00657   0.00000   4.47458   0.00000   0.00000   0.03509   0.00000   0.00000   2.94238   0.99671   0.27863   9.85344  
 36  0.6017    968.289798  x:  0.00000   0.00683   0.00000   0.00000   0.00709   0.00000   4.65131   0.00000   0.00000   0.03491   0.00000   0.00000   2.74766   0.99732   0.28971  10.47069  
 37  0.9303    968.174692  x:  0.00000   0.00687   0.00000   0.00000   0.00583   0.00000   4.16599   0.00000   0.00000   0.03151   0.00000   0.00000   2.76655   0.98932   0.42355  15.63175  
 38  0.6482    968.167461  x:  0.00193   0.00687   0.00000   0.00000   0.00575   0.00000   4.13528   0.00000   0.00000   0.03130   0.00000   0.00000   2.76776   0.98881   0.43204  15.95930  
 39 1307.8469    968.130494  x:  0.00238   0.00662   0.00000   0.00000   0.00617   0.00000   4.42309   0.00000   0.00000   0.03172   0.00000   0.00000   2.81044   0.98926   0.43386  16.42296  
 40  0.7019    968.103308  x:  0.00132   0.00611   0.00000   0.00000   0.00675   0.00000   4.39313   0.00000   0.00000   0.03280   0.00000   0.00000   2.64484   0.99019   0.44518  17.31320  
 41  0.5666    968.061256  x:  0.00000   0.00597   0.00000   0.00000   0.00691   0.00000   4.45879   0.00000   0.00000   0.03394   0.00000   0.00000   2.70401   0.98829   0.46074  18.55292  
 42  1.0722    968.001754  x:  0.00000   0.00611   0.00000   0.00000   0.00695   0.00000   4.68678   0.00000   0.00000   0.03850   0.00000   0.00000   2.79701   0.98399   0.50500  22.43395  
 43  6.5685    967.907220  x:  0.00000   0.00720   0.00000   0.00000   0.00588   0.00000   4.82178   0.00000   0.00000   0.03418   0.00000   0.00000   2.91077   0.97923   0.60642  29.06784  
 44  2.9286    967.809186  x:  0.00000   0.00647   0.00000   0.00000   0.00751   0.00000   5.03934   0.00000   0.00000   0.03354   0.00000   0.00000   2.73035   0.98059   0.73446  40.01521  
 45  2.7611    967.769806  x:  0.00000   0.00651   0.00000   0.00000   0.00702   0.00000   5.22380   0.00000   0.00000   0.03418   0.00000   0.00000   2.79551   0.97335   0.83387  48.02280  
 46  5.4946    967.731752  x:  0.00000   0.00677   0.00000   0.00000   0.00601   0.00000   5.29308   0.00000   0.00000   0.03428   0.00000   0.00000   2.91470   0.97387   0.90988  55.53083  
 47  3.6605    967.694378  x:  0.00000   0.00641   0.00000   0.00000   0.00685   0.00000   5.58651   0.00000   0.00000   0.03417   0.00000   0.00000   2.81737   0.97174   1.12060  74.21200  
 48  6.5341    967.666125  x:  0.00000   0.00686   0.00000   0.00000   0.00662   0.00000   5.56644   0.00000   0.00000   0.03378   0.00000   0.00000   2.81094   0.97062   1.38892  99.00000  
 49  5.7751    967.666125  x:  0.00000   0.00686   0.00000   0.00000   0.00662   0.00000   5.56644   0.00000   0.00000   0.03378   0.00000   0.00000   2.81094   0.97062   1.38892  99.00000  
 50 21.7926    967.665339  x:  0.00000   0.00660   0.00000   0.00000   0.00661   0.00000   5.56644   0.00000   0.00000   0.03386   0.00000   0.00000   2.81094   0.97061   1.38893  99.00000  
 51  5.6268    967.665104  x:  0.00000   0.00662   0.00000   0.00000   0.00661   0.00000   5.56646   0.00000   0.00000   0.03419   0.00000   0.00000   2.81094   0.97056   1.38900  99.00000  
 52  1.4527    967.665030  x:  0.00000   0.00662   0.00000   0.00000   0.00657   0.00000   5.56657   0.00000   0.00000   0.03419   0.00000   0.00000   2.81095   0.97032   1.38937  99.00000  
 53  0.3448    967.664995  x:  0.00000   0.00662   0.00000   0.00000   0.00662   0.00000   5.56663   0.00000   0.00000   0.03419   0.00000   0.00000   2.81095   0.97023   1.38956  98.99999  
 54  2.9584    967.662192  x:  0.00000   0.00662   0.00000   0.00000   0.00661   0.00000   5.57268   0.00000   0.00000   0.03420   0.00000   0.00000   2.81130   0.97058   1.40937  98.99980  
 55  1.2377    967.662025  x:  0.00000   0.00662   0.00000   0.00000   0.00661   0.00000   5.57734   0.00000   0.00000   0.03420   0.00000   0.00000   2.81691   0.97055   1.40855  99.00000  
 56  0.0250    967.661264  x:  0.00000   0.00662   0.00000   0.00000   0.00662   0.00000   5.64175   0.00000   0.00000   0.03420   0.00000   0.00000   2.85364   0.97032   1.39491  99.00000  
 57  0.0550    967.660904  x:  0.00000   0.00662   0.00000   0.00000   0.00661   0.00000   5.69571   0.00000   0.00000   0.03420   0.00000   0.00000   2.84167   0.97030   1.38132  99.00000  
 58  0.0190    967.660903  x:  0.00000   0.00662   0.00000   0.00000   0.00661   0.00000   5.69664   0.00000   0.00000   0.03421   0.00000   0.00000   2.84211   0.97030   1.38133  99.00000  
 59  0.0010    967.660903  x:  0.00000   0.00662   0.00000   0.00000   0.00661   0.00000   5.69674   0.00000   0.00000   0.03421   0.00000   0.00000   2.84214   0.97030   1.38130  99.00000  
 60  0.0001    967.660903  x:  0.00000   0.00662   0.00000   0.00000   0.00661   0.00000   5.69675   0.00000   0.00000   0.03421   0.00000   0.00000   2.84214   0.97030   1.38130  99.00000  
 61  0.0000    967.660903  x:  0.00000   0.00662   0.00000   0.00000   0.00661   0.00000   5.69675   0.00000   0.00000   0.03421   0.00000   0.00000   2.84214   0.97030   1.38130  99.00000  